PERIOD(2011, 2012)=(0,1) DATA(mc,data)=(0,1) Detector(EB,EE)=(0,1) Pt(0,1,2,3) Correction(scale,resolution)=(0,1) Number
0 0 0 0 0 1.43
1 0 0 0 0 0.85
0 1 0 0 0 -0.13
1 1 0 0 0 -0.18
0 0 0 1 0 1.29
1 0 0 1 0 0.36
0 1 0 1 0 0.41
1 1 0 1 0 -0.22
0 0 0 2 0 0.86
1 0 0 2 0 0.48
0 1 0 2 0 0.01
1 1 0 2 0 0.01
0 0 0 3 0 0.42
1 0 0 3 0 0.30
0 1 0 3 0 0.42
1 1 0 3 0 0.47
0 0 1 0 0 2.90
1 0 1 0 0 1.57
0 1 1 0 0 1.95
1 1 1 0 0 -1.24
0 0 1 1 0 1.91
1 0 1 1 0 1.79
0 1 1 1 0 0.86
1 1 1 1 0 -1.47
0 0 1 2 0 1.83
1 0 1 2 0 0.96
0 1 1 2 0 0.65
1 1 1 2 0 -0.69
0 0 1 3 0 0.87
1 0 1 3 0 0.60
0 1 1 3 0 0.28
1 1 1 3 0 1.12
0 0 0 0 1 5.71
1 0 0 0 1 4.00
0 1 0 0 1 6.03
1 1 0 0 1 5.27
0 0 0 1 1 5.16
1 0 0 1 1 4.31
0 1 0 1 1 5.16
1 1 0 1 1 5.07
0 0 0 2 1 4.15
1 0 0 2 1 3.36
0 1 0 2 1 4.10
1 1 0 2 1 4.84
0 0 0 3 1 2.68
1 0 0 3 1 1.92
0 1 0 3 1 2.88
1 1 0 3 1 2.49
0 0 1 0 1 7.64
1 0 1 0 1 6.68
0 1 1 0 1 7.60
1 1 1 0 1 10.94
0 0 1 1 1 6.12
1 0 1 1 1 5.59
0 1 1 1 1 6.79
1 1 1 1 1 8.08
0 0 1 2 1 5.15
1 0 1 2 1 4.61
0 1 1 2 1 6.05
1 1 1 2 1 5.37
0 0 1 3 1 3.44
1 0 1 3 1 3.02
0 1 1 3 1 4.34
1 1 1 3 1 5.45
