PERIOD(2011, 2012)=(0,1) DATA(mc,data)=(0,1) Detector(EB,EE)=(0,1) Pt(0,1,2,3) Correction(scale,resolution)=(0,1) Number
0 0 0 0 0 1.59
0 1 0 0 0 -0.48
0 0 0 1 0 0.13
0 1 0 1 0 0.18
0 0 0 2 0 0.88
0 1 0 2 0 -0.00
0 0 0 3 0 0.43
0 1 0 3 0 0.31
0 0 1 0 0 0.53
0 1 1 0 0 1.48
0 0 1 1 0 2.69
0 1 1 1 0 0.35
0 0 1 2 0 1.87
0 1 1 2 0 0.67
0 0 1 3 0 1.23
0 1 1 3 0 0.31
0 0 0 0 1 4.29
0 1 0 0 1 6.76
0 0 0 1 1 4.34
0 1 0 1 1 5.29
0 0 0 2 1 4.53
0 1 0 2 1 4.03
0 0 0 3 1 2.98
0 1 0 3 1 2.78
0 0 1 0 1 11.14
0 1 1 0 1 8.96
0 0 1 1 1 4.63
0 1 1 1 1 9.57
0 0 1 2 1 4.72
0 1 1 2 1 7.40
0 0 1 3 1 3.41
0 1 1 3 1 4.70
1 0 0 0 0 0.82
1 1 0 0 0 0.98
1 0 0 1 0 0.46
1 1 0 1 0 0.92
1 0 0 2 0 0.65
1 1 0 2 0 0.99
1 0 0 3 0 0.14
1 1 0 3 0 0.65
1 0 1 0 0 1.61
1 1 1 0 0 0.83
1 0 1 1 0 0.90
1 1 1 1 0 -1.20
1 0 1 2 0 1.27
1 1 1 2 0 1.02
1 0 1 3 0 0.68
1 1 1 3 0 1.34
1 0 0 0 1 4.29
1 1 0 0 1 5.37
1 0 0 1 1 3.87
1 1 0 1 1 4.98
1 0 0 2 1 3.80
1 1 0 2 1 4.00
1 0 0 3 1 1.92
1 1 0 3 1 2.24
1 0 1 0 1 5.96
1 1 1 0 1 9.31
1 0 1 1 1 5.61
1 1 1 1 1 8.98
1 0 1 2 1 4.65
1 1 1 2 1 4.55
1 0 1 3 1 2.89
1 1 1 3 1 4.65