PERIOD(2011, 2012)=(0,1) DATA(mc,data,mc_fit)=(0,1,2) Detector(EB,EE)=(0,1) R9(Inc, high, low)=(0,1,2) Pt(0,1,2,3) Correction(scale,resolution)=(0,1) Number Error(%)
0 0 0 1 0 0 0.80 0.001
0 1 0 1 0 0 -0.89 0.451
0 0 0 1 1 0 0.79 0.096
0 1 0 1 1 0 -0.06 0.359
0 0 0 1 2 0 0.45 0.073
0 1 0 1 2 0 -0.06 0.277
0 0 0 1 3 0 0.45 0.043
0 1 0 1 3 0 1.10 0.117
0 0 1 1 0 0 3.00 0.318
0 1 1 1 0 0 1.41 0.575
0 0 1 1 1 0 2.33 0.239
0 1 1 1 1 0 0.07 0.477
0 0 1 1 2 0 1.64 0.183
0 1 1 1 2 0 0.58 0.371
0 0 1 1 3 0 0.96 0.115
0 1 1 1 3 0 0.45 0.215
0 0 0 1 0 1 2.69 0.002
0 1 0 1 0 1 5.03 0.609
0 0 0 1 1 1 2.56 0.028
0 1 0 1 1 1 3.75 0.530
0 0 0 1 2 1 2.10 0.021
0 1 0 1 2 1 3.59 0.380
0 0 0 1 3 1 1.47 0.012
0 1 0 1 3 1 2.18 0.163
0 0 1 1 0 1 7.48 0.096
0 1 1 1 0 1 15.16 0.482
0 0 1 1 1 1 6.05 0.074
0 1 1 1 1 1 13.46 0.728
0 0 1 1 2 1 4.93 0.056
0 1 1 1 2 1 10.68 0.501
0 0 1 1 3 1 3.39 0.035
0 1 1 1 3 1 6.21 0.404
0 0 0 2 0 0 2.15 0.269
0 1 0 2 0 0 -0.25 0.431
0 0 0 2 1 0 1.81 0.213
0 1 0 2 1 0 0.28 0.329
0 0 0 2 2 0 1.48 0.158
0 1 0 2 2 0 0.24 0.245
0 0 0 2 3 0 0.80 0.092
0 1 0 2 3 0 -0.36 0.157
0 0 1 2 0 0 3.00 0.318
0 1 1 2 0 0 1.41 0.575
0 0 1 2 1 0 2.33 0.239
0 1 1 2 1 0 0.07 0.477
0 0 1 2 2 0 1.64 0.183
0 1 1 2 2 0 0.58 0.371
0 0 1 2 3 0 0.96 0.115
0 1 1 2 3 0 0.45 0.215
0 0 0 2 0 1 8.20 0.076
0 1 0 2 0 1 15.69 0.294
0 0 0 2 1 1 7.31 0.062
0 1 0 2 1 1 11.13 0.537
0 0 0 2 2 1 5.82 0.050
0 1 0 2 2 1 7.54 0.336
0 0 0 2 3 1 3.94 0.031
0 1 0 2 3 1 5.36 0.229
0 0 1 2 0 1 7.48 0.096
0 1 1 2 0 1 15.16 0.482
0 0 1 2 1 1 6.05 0.074
0 1 1 2 1 1 13.46 0.728
0 0 1 2 2 1 4.93 0.056
0 1 1 2 2 1 10.68 0.501
0 0 1 2 3 1 3.39 0.035
0 1 1 2 3 1 6.21 0.404
1 0 0 2 0 0 1.32 0.290
1 1 0 2 0 0 0.61 0.223
1 0 0 2 1 0 0.98 0.216
1 1 0 2 1 0 0.55 0.267
1 0 0 2 2 0 0.64 0.158
1 1 0 2 2 0 -0.11 0.125
1 0 0 2 3 0 0.45 1.008
1 1 0 2 3 0 -0.15 0.078
1 0 1 2 0 0 3.00 0.785
1 1 1 2 0 0 1.49 0.488
1 0 1 2 1 0 1.81 0.572
1 1 1 2 1 0 -0.81 0.350
1 0 1 2 2 0 1.81 0.472
1 1 1 2 2 0 0.78 0.253
1 0 1 2 3 0 1.13 0.327
1 1 1 2 3 0 0.90 0.174
1 0 0 2 0 1 6.38 0.104
1 1 0 2 0 1 9.53 0.303
1 0 0 2 1 1 5.94 0.082
1 1 0 2 1 1 8.37 1.926
1 0 0 2 2 1 4.71 0.062
1 1 0 2 2 1 7.50 0.138
1 0 0 2 3 1 2.77 0.121
1 1 0 2 3 1 4.20 0.015
1 0 1 2 0 1 7.93 0.211
1 1 1 2 0 1 11.32 0.730
1 0 1 2 1 1 7.02 0.164
1 1 1 2 1 1 11.19 0.454
1 0 1 2 2 1 5.79 0.118
1 1 1 2 2 1 7.72 0.349
1 0 1 2 3 1 4.27 0.080
1 1 1 2 3 1 7.32 0.238
1 0 0 1 0 0 0.46 0.155
1 1 0 1 0 0 1.37 0.247
1 0 0 1 1 0 0.45 0.121
1 1 0 1 1 0 0.59 0.176
1 0 0 1 2 0 0.29 0.089
1 1 0 1 2 0 1.33 0.120
1 0 0 1 3 0 0.11 0.055
1 1 0 1 3 0 0.93 0.072
1 0 1 1 0 0 1.32 0.553
1 1 1 1 0 0 0.08 0.532
1 0 1 1 1 0 1.30 0.403
1 1 1 1 1 0 1.20 0.394
1 0 1 1 2 0 0.97 0.284
1 1 1 1 2 0 2.31 0.250
1 0 1 1 3 0 0.28 0.173
1 1 1 1 3 0 1.52 0.171
1 0 0 1 0 1 1.96 0.040
1 1 0 1 0 1 2.61 0.318
1 0 0 1 1 1 1.83 0.032
1 1 0 1 1 1 3.59 0.227
1 0 0 1 2 1 1.52 0.021
1 1 0 1 2 1 2.09 0.070
1 0 0 1 3 1 1.12 0.013
1 1 0 1 3 1 2.29 0.118
1 0 1 1 0 1 3.24 0.121
1 1 1 1 0 1 6.22 0.755
1 0 1 1 1 1 2.82 0.092
1 1 1 1 1 1 7.35 0.493
1 0 1 1 2 1 2.42 0.064
1 1 1 1 2 1 5.52 0.642
1 0 1 1 3 1 1.95 0.037
1 1 1 1 3 1 4.82 0.301
