PERIOD(2011, 2012)=(0,1) DATA(mc,data,mc_fit)=(0,1,2) Detector(EB,EE)=(0,1) R9(Inc, high, low)=(0,1,2) Pt(0,1,2,3) Correction(scale,resolution)=(0,1) Number Error(%)
0 0 0 1 0 0 0.80 0.001
0 1 0 1 0 0 -0.89 0.451
0 0 0 1 1 0 0.79 0.096
0 1 0 1 1 0 -0.06 0.359
0 0 0 1 2 0 0.45 0.073
0 1 0 1 2 0 -0.06 0.277
0 0 0 1 3 0 0.45 0.043
0 1 0 1 3 0 1.10 0.117
0 0 1 1 0 0 3.00 0.318
0 1 1 1 0 0 1.41 0.575
0 0 1 1 1 0 2.33 0.239
0 1 1 1 1 0 0.07 0.477
0 0 1 1 2 0 1.64 0.183
0 1 1 1 2 0 0.58 0.371
0 0 1 1 3 0 0.96 0.115
0 1 1 1 3 0 0.45 0.215
0 0 0 1 0 1 2.69 0.002
0 1 0 1 0 1 5.03 0.609
0 0 0 1 1 1 2.56 0.028
0 1 0 1 1 1 3.75 0.530
0 0 0 1 2 1 2.10 0.021
0 1 0 1 2 1 3.59 0.380
0 0 0 1 3 1 1.47 0.012
0 1 0 1 3 1 2.18 0.163
0 0 1 1 0 1 7.48 0.096
0 1 1 1 0 1 15.16 0.482
0 0 1 1 1 1 6.05 0.074
0 1 1 1 1 1 13.46 0.728
0 0 1 1 2 1 4.93 0.056
0 1 1 1 2 1 10.68 0.501
0 0 1 1 3 1 3.39 0.035
0 1 1 1 3 1 6.21 0.404
0 0 0 2 0 0 2.15 0.269
0 1 0 2 0 0 -0.25 0.431
0 0 0 2 1 0 1.81 0.213
0 1 0 2 1 0 0.28 0.329
0 0 0 2 2 0 1.48 0.158
0 1 0 2 2 0 0.24 0.245
0 0 0 2 3 0 0.80 0.092
0 1 0 2 3 0 -0.36 0.157
0 0 1 2 0 0 3.00 0.318
0 1 1 2 0 0 1.41 0.575
0 0 1 2 1 0 2.33 0.239
0 1 1 2 1 0 0.07 0.477
0 0 1 2 2 0 1.64 0.183
0 1 1 2 2 0 0.58 0.371
0 0 1 2 3 0 0.96 0.115
0 1 1 2 3 0 0.45 0.215
0 0 0 2 0 1 8.20 0.076
0 1 0 2 0 1 15.69 0.294
0 0 0 2 1 1 7.31 0.062
0 1 0 2 1 1 11.13 0.537
0 0 0 2 2 1 5.82 0.050
0 1 0 2 2 1 7.54 0.336
0 0 0 2 3 1 3.94 0.031
0 1 0 2 3 1 5.36 0.229
0 0 1 2 0 1 7.48 0.096
0 1 1 2 0 1 15.16 0.482
0 0 1 2 1 1 6.05 0.074
0 1 1 2 1 1 13.46 0.728
0 0 1 2 2 1 4.93 0.056
0 1 1 2 2 1 10.68 0.501
0 0 1 2 3 1 3.39 0.035
0 1 1 2 3 1 6.21 0.404
1 0 0 1 0 0 0.29 0.172
1 1 0 1 0 0 0.11 0.215
1 0 0 1 1 0 0.45 0.135
1 1 0 1 1 0 0.22 0.175
1 0 0 1 2 0 0.28 0.106
1 1 0 1 2 0 0.05 0.123
1 0 0 1 3 0 0.28 0.066
1 1 0 1 3 0 0.34 0.084
1 0 1 1 0 0 0.99 0.729
1 1 1 1 0 0 -3.11 0.536
1 0 1 1 1 0 2.14 0.537
1 1 1 1 1 0 0.70 0.394
1 0 1 1 2 0 1.98 0.416
1 1 1 1 2 0 1.88 0.271
1 0 1 1 3 0 0.63 0.238
1 1 1 1 3 0 0.75 0.179
1 0 0 1 0 1 2.20 0.040
1 1 0 1 0 1 3.09 0.230
1 0 0 1 1 1 1.99 0.031
1 1 0 1 1 1 3.92 0.364
1 0 0 1 2 1 1.68 0.024
1 1 0 1 2 1 2.57 0.292
1 0 0 1 3 1 1.31 0.015
1 1 0 1 3 1 1.73 0.186
1 0 1 1 0 1 4.25 0.152
1 1 1 1 0 1 8.08 0.797
1 0 1 1 1 1 3.77 0.111
1 1 1 1 1 1 7.58 0.550
1 0 1 1 2 1 3.52 0.085
1 1 1 1 2 1 6.74 0.806
1 0 1 1 3 1 2.81 0.053
1 1 1 1 3 1 5.52 0.233
1 0 0 2 0 0 2.66 0.365
1 1 0 2 0 0 2.26 0.205
1 0 0 2 1 0 2.83 0.275
1 1 0 2 1 0 2.61 0.162
1 0 0 2 2 0 2.15 0.206
1 1 0 2 2 0 1.05 0.120
1 0 0 2 3 0 1.81 0.129
1 1 0 2 3 0 0.82 0.078
1 0 1 2 0 0 4.85 1.099
1 1 1 2 0 0 2.90 0.515
1 0 1 2 1 0 6.36 0.869
1 1 1 2 1 0 2.01 0.350
1 0 1 2 2 0 6.55 0.702
1 1 1 2 2 0 3.83 0.263
1 0 1 2 3 0 3.68 0.458
1 1 1 2 3 0 2.14 0.188
1 0 0 2 0 1 7.75 0.119
1 1 0 2 0 1 11.44 0.306
1 0 0 2 1 1 6.51 0.088
1 1 0 2 1 1 10.24 0.197
1 0 0 2 2 1 4.91 0.060
1 1 0 2 2 1 7.75 0.159
1 0 0 2 3 1 3.40 0.036
1 1 0 2 3 1 4.49 0.107
1 0 1 2 0 1 10.06 0.275
1 1 1 2 0 1 13.00 0.965
1 0 1 2 1 1 9.97 0.212
1 1 1 2 1 1 14.21 0.511
1 0 1 2 2 1 8.45 0.165
1 1 1 2 2 1 10.70 0.321
1 0 1 2 3 1 6.16 0.105
1 1 1 2 3 1 7.88 0.287
